$ 1 0.000005 382.76258214399064 57 5 43 5e-11
v 16 288 16 400 0 1 50 0.1 0 0 0.5
g 16 400 16 448 0 0
a 368 240 480 240 8 15 -15 1000000 2.569493030077917 2.569518725008218 100000
w 368 224 368 160 0
w 480 160 480 112 0
w 16 288 16 256 0
d 464 160 368 160 2 default
w 480 240 480 160 0
w 464 160 480 160 0
d 480 240 576 240 2 default
c 672 240 672 336 4 0.000047 2.2143122905438006 0.001 0
g 672 336 672 384 0 0
w -96 176 -96 144 0
g -96 288 -96 336 0 0
v -96 176 -96 288 0 1 50 0.2 0 0 0.5
w -208 64 -208 32 0
g -208 176 -208 224 0 0
v -208 64 -208 176 0 1 50 0.3 0 0 0.5
s -32 32 80 32 0 1 false
s -48 144 80 144 0 0 false
s 16 256 144 256 0 1 false
x 32 326 86 329 4 24 0.1\sV
x -77 181 -23 184 4 24 0.2\sV
x -192 54 -138 57 4 24 0.3\sV
w -96 144 -48 144 0
w 80 144 144 144 0
w 144 144 144 256 0
w 144 144 144 32 0
w 144 32 80 32 0
w -32 32 -208 32 0
w 672 240 736 240 0
w 368 112 368 160 0
r 576 240 672 240 0 1000
r 368 112 480 112 0 1000
r 736 256 736 336 0 47000
g 736 336 736 384 0 0
w 736 256 736 240 0
O 736 240 928 192 0 0
p 960 96 976 240 3 0 0 10000000
g 976 240 976 304 0 0
w 672 240 672 96 0
w 672 96 960 96 0
w -32 -80 -288 -80 0
x -286 -58 -232 -55 4 24 0.4\sV
v -288 -48 -288 64 0 1 50 0.4 0 0 0.5
g -288 64 -288 112 0 0
w -288 -48 -288 -80 0
w 144 -80 80 -80 0
w 144 32 144 -80 0
s -32 -80 80 -80 0 1 false
c 192 256 144 256 4 0.00001 2.511911030564687 0.001 0
r 256 176 256 256 0 10000
r 256 256 256 336 0 10000
g 256 336 256 384 0 0
w 192 256 256 256 0
R 256 176 256 128 0 0 40 5 0 0 0.5
w 256 256 368 256 0
o 37 64 0 12290 2.2237403121913353 0.0001 0 1
